# Blender v3.1.2 OBJ File: 'genoa-sail.blend'
# www.blender.org
o Plane
v 8.400000 27.999996 0.000000
v 0.000000 0.000000 0.000000
v 14.000000 -0.000001 0.000000
v 11.642758 0.021343 -0.348316
v 9.320930 0.005623 -0.619062
v 7.000001 -0.003653 -0.773848
v 4.666667 -0.003278 -0.679215
v 2.333333 -0.001545 -0.393195
v 9.333334 23.327866 -0.753386
v 10.266668 18.661999 -1.008717
v 11.200002 13.997264 -1.145454
v 12.118408 9.339371 -1.065158
v 13.027408 4.697886 -0.707283
v 7.000000 23.327805 0.000000
v 5.600000 18.662037 0.000000
v 4.200000 13.997165 0.000000
v 2.800000 9.331404 0.000000
v 1.400000 4.662736 0.000000
v 7.466668 9.336196 -1.365216
v 7.155557 3.108697 -1.224304
v 7.311112 6.223638 -1.405709
v 2.497263 3.109079 -0.838603
v 4.977778 6.222284 -1.259956
v 5.260573 12.451149 -0.751522
v 6.377779 10.889215 -1.149108
v 9.955558 12.442306 -1.188110
v 8.711112 10.889136 -1.298186
v 11.789496 3.140856 -0.781678
v 9.631569 6.235094 -1.267300
v 8.088890 21.772026 -0.776569
v 7.777779 15.552691 -1.130252
v 2.437037 2.070115 -0.795706
v 4.874074 4.146109 -1.250014
v 4.770370 2.070322 -1.044249
v 2.385185 1.033726 -0.677549
v 9.525781 4.161027 -1.138545
v 11.731805 2.108575 -0.620219
v 11.683904 1.067888 -0.491022
v 9.427343 2.077843 -0.984239
v 1.766364 4.152244 -0.373399
v 3.529327 8.303458 -0.614074
v 2.147195 3.626056 -0.665491
v 4.251852 7.259154 -1.034380
v 12.198463 3.664427 -0.754199
v 10.470609 7.262792 -1.282697
v 11.290937 8.299275 -1.183323
v 12.610542 4.183114 -0.733647
v 6.325927 17.625681 -0.599061
v 7.362964 22.809105 -0.392956
v 7.051852 16.589281 -0.943365
v 7.725928 22.290522 -0.596054
v 9.437038 17.625668 -1.057876
v 8.918520 22.809135 -0.798785
v 8.607409 16.589289 -1.097961
v 8.503706 22.290531 -0.837616
v 3.500000 -0.002411 -0.536205
v 2.100000 6.997070 0.000000
v 3.733334 4.664726 -1.082732
v 3.655556 3.108112 -1.056285
v 3.577778 1.552024 -0.860899
v 2.647845 6.227851 -0.506755
v 3.188890 5.442433 -0.890968
v 5.833333 -0.003466 -0.726532
v 3.500000 11.664284 0.000000
v 6.237227 7.775484 -1.328034
v 6.092594 5.184873 -1.327862
v 5.962963 2.589509 -1.134276
v 4.407408 10.368877 -0.700822
v 5.329820 9.070429 -1.139312
v 8.166667 -0.003584 -0.754052
v 11.664695 11.663623 -1.135368
v 8.555555 7.779383 -1.380639
v 8.425926 5.185022 -1.338423
v 8.296297 2.589581 -1.150555
v 9.592593 9.074268 -1.320817
v 10.629631 10.368943 -1.241619
v 10.480813 0.016134 -0.482636
v 12.575047 7.015156 -0.906834
v 10.713675 4.684488 -1.057856
v 10.633032 3.131295 -0.916189
v 10.554329 1.575695 -0.730987
v 11.338056 5.460032 -1.072490
v 11.952974 6.237833 -0.998647
v 10.733335 16.329632 -1.077085
v 4.900000 16.329601 0.000000
v 7.622223 12.444444 -1.263719
v 5.807407 15.033994 -0.704814
v 6.714815 13.739248 -1.077488
v 9.696299 15.033987 -1.122993
v 8.659262 13.739213 -1.198074
v 9.800001 20.994932 -0.881051
v 6.300001 20.994921 0.000000
v 7.933334 18.662357 -1.000810
v 6.844446 20.217394 -0.526789
v 7.388890 19.439901 -0.810124
v 9.177779 20.217402 -0.928330
v 8.555557 19.439909 -0.967789
v 8.866667 25.663931 -0.454098
v 7.699999 25.663898 0.000000
v 8.244445 24.886011 -0.452885
v 7.881482 25.404549 -0.227258
v 8.062963 25.145258 -0.377144
v 8.659259 25.404566 -0.476798
v 8.451854 25.145267 -0.479013
v 1.166667 -0.000772 -0.196598
v 0.700000 2.331368 0.000000
v 1.244445 1.553584 -0.488701
v 1.218519 1.035058 -0.431278
v 1.192593 0.516863 -0.338774
v 0.911220 2.063138 -0.248964
v 1.072572 1.811114 -0.383627
v 13.506043 2.358716 -0.412209
v 12.812330 0.019700 -0.198708
v 12.878385 1.586343 -0.404175
v 12.855186 1.064985 -0.338030
v 12.832904 0.542973 -0.270061
v 13.088515 1.842911 -0.405020
v 13.297913 2.100191 -0.407339
v 0.583333 -0.000386 -0.098299
v 13.753021 1.179358 -0.206104
v 12.227546 0.020521 -0.273512
v 9.900871 0.010878 -0.550849
v 7.583334 -0.003619 -0.763950
v 5.250000 -0.003372 -0.702873
v 2.916667 -0.001978 -0.464700
v 9.100000 24.495901 -0.603742
v 10.033335 19.828465 -0.944884
v 10.966668 15.163447 -1.111270
v 11.891551 10.501496 -1.100263
v 12.801228 5.856521 -0.807059
v 0.350000 1.165684 0.000000
v 7.350000 24.495853 0.000000
v 5.950001 19.828480 0.000000
v 4.550000 15.163383 0.000000
v 3.150000 10.497844 0.000000
v 1.750000 5.829903 0.000000
v 2.322229 3.367568 -0.752047
v 4.925926 5.184196 -1.254985
v 2.467150 2.589597 -0.817155
v 7.544446 10.890320 -1.314467
v 8.011111 8.557790 -1.372927
v 6.851947 8.555840 -1.346625
v 8.088890 10.112666 -1.331701
v 6.922224 10.112705 -1.257162
v 7.388890 7.779917 -1.385462
v 7.077779 1.552522 -0.999076
v 7.233335 4.666168 -1.315006
v 1.870854 2.331331 -0.663652
v 4.355556 5.443505 -1.171344
v 4.730287 13.224157 -0.375761
v 5.819176 11.670182 -0.950315
v 10.577780 13.219786 -1.166782
v 9.333335 11.665721 -1.243148
v 12.333941 2.363599 -0.592926
v 10.172623 5.459791 -1.162578
v 8.166668 23.329020 -0.614727
v 7.855556 17.107525 -1.065531
v 4.614815 6.740719 -1.147168
v 11.760652 2.624715 -0.700948
v 9.578674 5.198061 -1.202923
v 11.993980 3.402642 -0.767938
v 10.051088 6.748943 -1.274999
v 8.296298 22.031281 -0.807093
v 8.192595 16.070990 -1.114107
v 7.907409 22.031273 -0.686312
v 7.414815 16.070986 -1.036809
v 2.411111 1.551920 -0.736627
v 4.822223 3.108215 -1.147131
v 1.827778 1.552586 -0.613492
v 4.264815 3.627110 -1.153150
v 6.701853 5.704256 -1.366785
v 4.718519 1.033522 -0.861732
v 2.359259 0.516091 -0.535372
v 4.174074 1.811173 -0.952574
v 6.559260 2.849103 -1.179290
v 1.788889 0.775294 -0.508161
v 9.476562 3.119435 -1.061392
v 11.707855 1.588232 -0.555620
v 7.868519 5.704330 -1.372066
v 12.293495 1.586780 -0.479124
v 10.079407 3.646161 -1.027367
v 11.663331 0.544615 -0.419669
v 9.374137 1.041733 -0.801650
v 7.725927 2.849139 -1.187429
v 12.258405 0.805431 -0.380541
v 9.990836 1.826769 -0.857613
v 1.583182 4.407490 -0.186699
v 3.164663 8.817430 -0.307037
v 4.833991 11.410013 -0.726172
v 3.088586 7.265655 -0.560415
v 1.338792 3.107691 -0.311181
v 1.956780 3.889150 -0.519445
v 3.890589 7.781306 -0.824227
v 5.853799 9.979822 -1.144210
v 3.720371 6.350793 -0.962674
v 1.609883 2.718585 -0.524559
v 12.404503 3.923771 -0.743923
v 10.880774 7.781034 -1.233010
v 10.904332 6.361413 -1.177594
v 9.151853 9.981703 -1.309502
v 12.643490 2.753669 -0.579609
v 11.704673 8.819324 -1.124240
v 12.818975 4.440500 -0.720465
v 11.621956 7.268554 -1.090985
v 10.292595 11.405624 -1.214864
v 12.954227 3.141652 -0.570493
v 5.962964 18.143860 -0.299530
v 7.181482 23.068455 -0.196478
v 6.585186 18.921537 -0.562925
v 5.533990 13.742571 -0.728168
v 7.622223 24.106831 -0.310107
v 6.688890 17.107481 -0.771213
v 7.544446 22.549812 -0.494505
v 6.546297 12.314232 -1.113298
v 7.894446 23.717892 -0.486599
v 7.220371 18.014591 -0.876745
v 9.851853 18.143833 -1.033297
v 9.125927 23.068501 -0.776085
v 8.788890 24.106853 -0.637792
v 9.825929 13.738146 -1.155551
v 9.307408 18.921535 -0.993103
v 9.022223 17.107479 -1.077919
v 8.711113 22.549833 -0.818201
v 8.581483 18.014599 -1.032875
v 8.477779 23.717899 -0.658314
v 8.685187 12.314175 -1.248130
v 4.083334 -0.002845 -0.607710
v 2.450000 8.164237 0.000000
v 3.115299 3.886902 -0.960668
v 3.046297 2.589113 -0.925995
v 2.981482 1.292875 -0.769224
v 2.207105 5.190047 -0.440077
v 2.668042 4.534245 -0.778230
v 3.461112 5.053579 -0.986850
v 2.918367 5.835142 -0.698861
v 3.616667 2.330068 -0.958592
v 3.694445 3.886419 -1.069509
v 2.373923 6.612461 -0.253377
v 3.538889 0.774806 -0.698552
v 6.416667 -0.003559 -0.750190
v 3.850000 12.830725 0.000000
v 5.607503 6.998884 -1.293995
v 5.483334 4.665491 -1.288938
v 5.366667 2.329916 -1.089262
v 3.968367 9.336168 -0.657448
v 4.790836 8.164791 -1.086846
v 5.783524 8.422956 -1.233673
v 4.868614 9.719653 -0.920067
v 6.027779 3.887192 -1.231069
v 6.164911 6.480178 -1.327948
v 3.953704 11.016581 -0.350411
v 5.898149 1.293022 -0.930404
v 8.743799 0.001019 -0.686557
v 11.432348 12.830443 -1.140411
v 9.093562 7.007238 -1.323969
v 8.975853 4.673025 -1.238484
v 8.861820 2.333712 -1.067397
v 10.031601 8.168530 -1.301757
v 10.960284 9.334109 -1.212471
v 10.111113 9.721605 -1.281218
v 9.074074 8.426826 -1.350728
v 8.361112 3.887302 -1.244489
v 8.490741 6.482203 -1.359531
v 8.231482 1.292999 -0.952303
v 11.147163 11.016282 -1.188494
v 11.061786 0.018738 -0.415476
v 12.346727 8.177263 -0.985996
v 11.251586 3.912672 -0.919767
v 11.182419 2.619935 -0.768204
v 11.119116 1.321791 -0.611004
v 11.768259 4.562230 -0.913344
v 12.281758 5.210474 -0.866147
v 11.645515 5.848933 -1.035569
v 11.025866 5.072260 -1.065173
v 10.593680 2.353495 -0.823588
v 10.673353 3.907892 -0.987023
v 12.264011 6.626494 -0.952741
v 10.517570 0.795914 -0.606811
v 10.500001 17.495815 -1.042901
v 5.250000 17.495819 0.000000
v 7.700001 13.998568 -1.196986
v 6.066667 16.329838 -0.651937
v 6.883334 15.164265 -1.010427
v 9.566669 16.329826 -1.090434
v 8.633336 15.164251 -1.148017
v 8.140742 13.091828 -1.230896
v 9.177780 14.386600 -1.160533
v 7.168519 13.091846 -1.170604
v 6.261111 14.386621 -0.891151
v 10.214816 15.681809 -1.100039
v 5.353704 15.681797 -0.352407
v 9.566668 22.161400 -0.817219
v 6.650001 22.161362 0.000000
v 8.011112 20.217192 -0.888689
v 7.103705 21.513248 -0.459872
v 7.557409 20.865211 -0.703089
v 9.048150 21.513268 -0.863558
v 8.529632 20.865219 -0.902703
v 8.244446 19.051132 -0.984299
v 8.866668 19.828655 -0.948060
v 7.661112 19.051128 -0.905467
v 7.116668 19.828648 -0.668456
v 6.572223 20.606157 -0.263394
v 9.488891 20.606167 -0.904691
v 8.633333 26.831963 -0.227049
v 8.049999 26.831947 0.000000
v 8.322223 26.443005 -0.226442
v 8.140740 26.702272 -0.113629
v 8.231482 26.572628 -0.188572
v 8.529630 26.702282 -0.238399
v 8.425926 26.572630 -0.239506
v 8.555556 25.274914 -0.477905
v 8.348150 25.015640 -0.465949
v 8.153705 25.015635 -0.415014
v 7.972222 25.274902 -0.302201
v 7.790740 25.534224 -0.113629
v 8.762963 25.534248 -0.465448
v 1.750000 -0.001159 -0.294896
v 1.050000 3.497052 0.000000
v 0.622222 0.776792 -0.244351
v 0.609259 0.517529 -0.215639
v 0.596296 0.258431 -0.169387
v 0.455610 1.031569 -0.124482
v 0.536286 0.905557 -0.191814
v 1.158508 1.682349 -0.436164
v 0.805610 2.197253 -0.124482
v 1.179630 0.258045 -0.267686
v 1.205555 0.775960 -0.385026
v 0.991895 1.937126 -0.316296
v 1.231482 1.294321 -0.459990
v 13.266726 3.528301 -0.559746
v 13.406165 0.009850 -0.099354
v 13.439192 0.793171 -0.202087
v 13.427591 0.532492 -0.169015
v 13.416452 0.271486 -0.135030
v 13.544256 0.921455 -0.202510
v 13.648955 1.050095 -0.203670
v 13.401978 2.229453 -0.409774
v 12.983448 1.714627 -0.404597
v 12.844046 0.803979 -0.304045
v 12.866784 1.325664 -0.371102
v 13.193214 1.971551 -0.406179
v 12.822617 0.281337 -0.234384
v 1.849316 1.941959 -0.638572
v 2.949074 0.645448 -0.616962
v 1.474338 2.913138 -0.417870
v 1.978552 5.509975 -0.220038
v 13.215078 0.187558 -0.156256
v 11.090450 0.670265 -0.513240
v 12.798858 2.947660 -0.575051
v 12.541492 5.533497 -0.836603
v 8.641975 26.356165 -0.310299
v 9.307408 21.837334 -0.840388
v 6.876853 21.837305 -0.229936
v 7.993827 26.356150 -0.075753
v 5.308333 1.163272 -0.896068
v 3.559184 9.917006 -0.328724
v 5.041995 14.452976 -0.364084
v 10.396298 14.450797 -1.133410
v 11.425917 9.917802 -1.156367
v 7.654630 1.422760 -0.975690
v 0.803704 0.517307 -0.256684
v 3.080797 3.238008 -0.943332
v 5.545418 5.832187 -1.291466
v 3.013889 1.940994 -0.847610
v 5.425000 3.497703 -1.189100
v 1.769444 0.387068 -0.401529
v 7.939815 7.131059 -1.372497
v 12.313717 1.975190 -0.536025
v 10.126015 4.552976 -1.094973
v 7.797223 4.276735 -1.279747
v 12.275949 1.196105 -0.429833
v 10.035121 2.736465 -0.942490
v 5.343895 10.694918 -0.935191
v 3.404478 6.808224 -0.761544
v 0.537073 1.464835 -0.082988
v 6.352873 9.267831 -1.245417
v 4.037963 5.897149 -1.067009
v 0.772339 1.121566 -0.290776
v 11.509922 4.237451 -0.916556
v 9.562581 7.587884 -1.312863
v 13.322299 1.143084 -0.269731
v 12.025009 4.886352 -0.889746
v 10.495942 8.751320 -1.257114
v 13.601319 1.486302 -0.273183
v 7.330557 21.189230 -0.581481
v 6.475000 15.747051 -0.831182
v 8.114816 26.183270 -0.201467
v 7.291667 14.581415 -1.103706
v 8.235803 26.010422 -0.276676
v 7.784261 20.541201 -0.795889
v 8.322224 23.523458 -0.636521
v 9.255558 13.026160 -1.201841
v 8.944446 18.468067 -1.012989
v 8.218519 17.561060 -1.049203
v 8.503704 26.183277 -0.318604
v 8.114817 11.602247 -1.281299
v 2.891670 4.210573 -0.869449
v 2.437574 4.862146 -0.609153
v 4.219445 2.719141 -1.052862
v 4.310185 4.535307 -1.162247
v 2.769293 7.714946 -0.280207
v 4.128704 0.904164 -0.780142
v 5.199169 7.581837 -1.190421
v 4.379601 8.750480 -0.872147
v 6.630556 4.276679 -1.273038
v 6.776900 7.130047 -1.356705
v 4.341995 12.120369 -0.363086
v 6.487963 1.422772 -0.964740
v 9.722223 10.693664 -1.262183
v 8.581482 9.269746 -1.341215
v 8.918837 3.503368 -1.152940
v 9.034708 5.840131 -1.281227
v 8.802809 1.167366 -0.876977
v 10.862472 12.118033 -1.177638
v 11.263144 6.814983 -1.134289
v 10.538477 5.910602 -1.170086
v 11.150766 1.970863 -0.689604
v 11.217003 3.266303 -0.843986
v 11.984341 7.722909 -1.038491
v 9.945854 0.918824 -0.704231
v 8.166669 14.581409 -1.172502
v 9.100001 15.747038 -1.119226
v 7.045371 11.602276 -1.213883
v 6.040143 13.028400 -0.920733
v 10.033335 16.912821 -1.066668
v 5.658334 16.912828 -0.325969
v 8.270371 20.541206 -0.895696
v 8.788891 21.189243 -0.883130
v 7.537964 17.561058 -0.971138
v 6.902779 18.468063 -0.719835
v 6.267593 19.375008 -0.281462
v 9.670371 19.375000 -0.968994
v 8.633334 23.912374 -0.648053
v 8.365433 26.010426 -0.310632
v 8.030557 23.523455 -0.550663
v 7.758335 23.912357 -0.398353
v 7.486112 24.301340 -0.155054
v 8.944446 24.301376 -0.620767
v 1.740369 2.524958 -0.594106
v 1.194396 3.302371 -0.155591
v 0.786420 0.172030 -0.178457
v 1.808333 1.163940 -0.560827
v 0.661264 1.291417 -0.210864
v 0.820988 0.862880 -0.306660
v 13.110477 3.334977 -0.565120
v 12.488714 2.558634 -0.586268
v 13.229362 0.535986 -0.202697
v 13.244523 0.883776 -0.247402
v 13.462142 1.314367 -0.270786
v 12.242973 0.412976 -0.327027
v 4.995430 12.837653 -0.563641
v 4.465144 13.610661 -0.187880
v 7.831526 25.475939 -0.164702
v 1.115665 3.408519 -0.070756
v 6.759443 22.005024 -0.110930
v 8.070398 26.536549 -0.095494
v 7.263856 22.950737 -0.285659
v 5.565124 15.379929 -0.516624
v 2.918432 7.505086 -0.411089
v 2.604358 7.947033 -0.135463
v 3.721388 11.348233 -0.170985
v 2.976936 9.082022 -0.148976
v 5.848250 16.641680 -0.477577
v 6.414289 19.165550 -0.411469
v 2.084345 5.361887 -0.321890
v 5.121572 16.013237 -0.172103
v 3.335549 8.576577 -0.450918
v 7.415264 24.402586 -0.074346
v 3.751351 9.644223 -0.483105
v 4.581314 11.774835 -0.539700
v 4.167150 10.711867 -0.515263
v 6.980531 21.689201 -0.335024
v 0.837575 2.156660 -0.162159
v 5.776727 18.409737 -0.145841
v 5.280292 14.108892 -0.540427
v 4.793364 14.811983 -0.180093
v 0.507210 1.306006 -0.098199
v 1.859426 5.676729 -0.105349
v 1.252625 3.223865 -0.218334
v 5.449150 17.211487 -0.158979
v 6.131374 17.903431 -0.438509
v 7.547691 24.213341 -0.225202
v 1.487071 4.541412 -0.088742
v 3.349162 10.215133 -0.160000
v 2.231783 6.812037 -0.121899
v 4.093269 12.479486 -0.179529
v 6.431742 20.806780 -0.127469
v 8.027122 26.638178 -0.030850
v 6.104235 19.608257 -0.136688
v 7.743383 25.601900 -0.054327
v 0.744201 2.275237 -0.052099
v 7.087144 23.203272 -0.094344
v 2.501315 6.433591 -0.371215
v 0.415584 1.270561 -0.029094
v 1.667375 4.290176 -0.272508
v 6.697206 20.427670 -0.384324
s off
f 107 148 344 330
f 148 22 139 344
f 344 139 32 169
f 330 344 169 108
f 56 125 345 239
f 125 8 173 345
f 345 173 35 231
f 239 345 231 60
f 110 191 346 329
f 191 40 192 346
f 346 192 42 196
f 329 346 196 111
f 57 486 479 136
f 238 494 466 347
f 347 466 496 187
f 136 479 484 18
f 113 343 348 332
f 116 335 348 343
f 3 332 348 335
f 77 278 349 266
f 278 81 270 349
f 349 270 38 182
f 266 349 182 4
f 117 201 350 342
f 201 44 197 350
f 350 197 47 206
f 342 350 206 118
f 78 130 351 277
f 130 13 203 351
f 351 203 47 272
f 277 351 272 83
f 98 317 352 305
f 103 310 352 317
f 1 305 352 310
f 91 304 353 292
f 304 96 297 353
f 353 297 53 218
f 292 353 218 9
f 92 293 456 488
f 293 14 493 456
f 354 208 458 473
f 303 354 473 497
f 99 306 489 491
f 1 308 457
f 101 454 457 308
f 63 124 356 252
f 124 7 172 356
f 356 172 34 244
f 252 356 244 67
f 64 462 485 135
f 251 472 470 357
f 357 470 468 188
f 135 485 463 17
f 85 467 477 134
f 291 459 476 358
f 358 476 452 150
f 134 477 453 16
f 84 128 359 290
f 128 11 152 359
f 359 152 26 220
f 290 359 220 89
f 71 129 360 265
f 129 12 202 360
f 360 202 46 259
f 265 360 259 76
f 70 123 361 264
f 123 6 146 361
f 361 146 20 184
f 264 361 184 74
f 108 328 362 321
f 109 322 362 328
f 2 321 362 322
f 59 230 363 237
f 230 32 139 363
f 363 139 22 229
f 237 363 229 58
f 66 243 364 250
f 243 33 138 364
f 364 138 23 242
f 250 364 242 65
f 60 231 365 236
f 231 35 167 365
f 365 167 32 230
f 236 365 230 59
f 67 244 366 249
f 244 34 168 366
f 366 168 33 243
f 249 366 243 66
f 109 176 367 327
f 176 35 173 367
f 367 173 8 318
f 327 367 318 105
f 73 179 368 263
f 179 21 145 368
f 368 145 19 141
f 263 368 141 72
f 115 180 369 341
f 180 37 159 369
f 369 159 28 154
f 341 369 154 114
f 80 181 370 276
f 181 36 160 370
f 370 160 29 155
f 276 370 155 79
f 74 184 371 262
f 184 20 147 371
f 371 147 21 179
f 262 371 179 73
f 116 185 372 340
f 185 38 178 372
f 372 178 37 180
f 340 372 180 115
f 81 186 373 275
f 186 39 177 373
f 373 177 36 181
f 275 373 181 80
f 68 189 374 248
f 189 24 151 374
f 374 151 25 194
f 248 374 194 69
f 61 190 375 235
f 190 41 193 375
f 375 193 43 195
f 235 375 195 62
f 110 323 478 474
f 2 478 323
f 106 492 495 131
f 69 194 377 247
f 194 25 144 377
f 377 144 19 142
f 247 377 142 65
f 62 195 378 234
f 195 43 158 378
f 378 158 23 149
f 234 378 149 58
f 111 325 379 324
f 107 320 379 325
f 2 324 379 320
f 82 271 380 274
f 271 44 161 380
f 380 161 28 268
f 274 380 268 79
f 75 258 381 261
f 258 45 162 381
f 381 162 29 255
f 261 381 255 72
f 117 336 382 339
f 3 333 382 336
f 114 339 382 333
f 83 272 383 273
f 272 47 197 383
f 383 197 44 271
f 273 383 271 82
f 76 259 384 260
f 259 46 198 384
f 384 198 45 258
f 260 384 258 75
f 118 338 385 337
f 112 120 385 338
f 3 337 385 120
f 94 295 386 302
f 295 49 213 386
f 386 213 51 296
f 302 386 296 95
f 87 282 387 289
f 282 48 212 387
f 387 212 50 283
f 289 387 283 88
f 101 308 388 315
f 1 309 388 308
f 102 315 388 309
f 88 283 389 288
f 283 50 166 389
f 389 166 31 281
f 288 389 281 86
f 102 309 390 314
f 1 307 390 309
f 100 314 390 307
f 95 296 391 301
f 296 51 165 391
f 391 165 30 294
f 301 391 294 93
f 104 225 392 313
f 225 55 163 392
f 392 163 30 156
f 313 392 156 100
f 89 220 393 287
f 220 26 153 393
f 393 153 27 226
f 287 393 226 90
f 96 221 394 300
f 221 52 222 394
f 394 222 54 224
f 300 394 224 97
f 97 224 395 299
f 224 54 164 395
f 395 164 31 157
f 299 395 157 93
f 104 311 396 312
f 1 310 396 311
f 103 312 396 310
f 90 226 397 286
f 226 27 143 397
f 397 143 19 140
f 286 397 140 86
f 42 233 398 137
f 233 62 234 398
f 398 234 58 229
f 137 398 229 22
f 40 232 399 192
f 232 61 235 399
f 399 235 62 233
f 192 399 233 42
f 34 174 400 168
f 174 60 236 400
f 400 236 59 170
f 168 400 170 33
f 33 170 401 138
f 170 59 237 401
f 401 237 58 149
f 138 401 149 23
f 17 463 461 228
f 188 468 460 402
f 402 460 494 238
f 228 461 486 57
f 7 227 403 172
f 227 56 239 403
f 403 239 60 174
f 172 403 174 34
f 43 246 404 158
f 246 69 247 404
f 404 247 65 242
f 158 404 242 23
f 41 245 405 193
f 245 68 248 405
f 405 248 69 246
f 193 405 246 43
f 20 175 406 147
f 175 67 249 406
f 406 249 66 171
f 147 406 171 21
f 21 171 407 145
f 171 66 250 407
f 407 250 65 142
f 145 407 142 19
f 16 453 487 241
f 150 452 471 408
f 408 471 472 251
f 241 487 462 64
f 6 240 409 146
f 240 63 252 409
f 409 252 67 175
f 146 409 175 20
f 26 205 410 153
f 205 76 260 410
f 410 260 75 200
f 153 410 200 27
f 27 200 411 143
f 200 75 261 411
f 411 261 72 141
f 143 411 141 19
f 39 257 412 177
f 257 74 262 412
f 412 262 73 256
f 177 412 256 36
f 36 256 413 160
f 256 73 263 413
f 413 263 72 255
f 160 413 255 29
f 5 253 414 183
f 253 70 264 414
f 414 264 74 257
f 183 414 257 39
f 11 254 415 152
f 254 71 265 415
f 415 265 76 205
f 152 415 205 26
f 46 204 416 198
f 204 83 273 416
f 416 273 82 199
f 198 416 199 45
f 45 199 417 162
f 199 82 274 417
f 417 274 79 155
f 162 417 155 29
f 38 270 418 178
f 270 81 275 418
f 418 275 80 269
f 178 418 269 37
f 37 269 419 159
f 269 80 276 419
f 419 276 79 268
f 159 419 268 28
f 12 267 420 202
f 267 78 277 420
f 420 277 83 204
f 202 420 204 46
f 5 183 421 122
f 183 39 186 421
f 421 186 81 278
f 122 421 278 77
f 54 285 422 164
f 285 90 286 422
f 422 286 86 281
f 164 422 281 31
f 52 284 423 222
f 284 89 287 423
f 423 287 90 285
f 222 423 285 54
f 25 214 424 144
f 214 88 288 424
f 424 288 86 140
f 144 424 140 19
f 24 210 425 151
f 210 87 289 425
f 425 289 88 214
f 151 425 214 25
f 10 279 426 217
f 279 84 290 426
f 426 290 89 284
f 217 426 284 52
f 15 475 481 280
f 207 482 464 427
f 427 464 459 291
f 280 481 467 85
f 55 298 428 163
f 298 97 299 428
f 428 299 93 294
f 163 428 294 30
f 53 297 429 223
f 297 96 300 429
f 429 300 97 298
f 223 429 298 55
f 50 216 430 166
f 216 95 301 430
f 430 301 93 157
f 166 430 157 31
f 48 209 431 212
f 209 94 302 431
f 431 302 95 216
f 212 431 216 50
f 15 133 490 475
f 133 92 488 490
f 432 303 497 465
f 207 432 465 482
f 10 217 433 127
f 217 52 221 433
f 433 221 96 304
f 127 433 304 91
f 55 225 434 223
f 225 104 312 434
f 434 312 103 219
f 223 434 219 53
f 1 311 435 307
f 104 313 435 311
f 100 307 435 313
f 51 215 436 165
f 215 102 314 436
f 436 314 100 156
f 165 436 156 30
f 49 211 437 213
f 211 101 315 437
f 437 315 102 215
f 213 437 215 51
f 14 132 469 493
f 132 99 491 469
f 438 316 454 483
f 208 438 483 458
f 9 218 439 126
f 218 53 219 439
f 439 219 103 317
f 126 439 317 98
f 42 137 440 196
f 137 22 148 440
f 440 148 107 325
f 196 440 325 111
f 40 191 480 496
f 191 110 474 480
f 441 326 492 455
f 187 441 455 484
f 2 322 442 119
f 109 327 442 322
f 105 119 442 327
f 32 167 443 169
f 167 35 176 443
f 443 176 109 328
f 169 443 328 108
f 2 323 444 324
f 110 329 444 323
f 111 324 444 329
f 2 320 445 321
f 107 330 445 320
f 108 321 445 330
f 47 203 446 206
f 203 13 331 446
f 446 331 112 338
f 206 446 338 118
f 44 201 447 161
f 201 117 339 447
f 447 339 114 154
f 161 447 154 28
f 3 335 448 334
f 116 340 448 335
f 115 334 448 340
f 3 334 449 333
f 115 341 449 334
f 114 333 449 341
f 3 336 450 337
f 117 342 450 336
f 118 337 450 342
f 4 182 451 121
f 182 38 185 451
f 451 185 116 343
f 121 451 343 113
f 494 460 190 61
f 470 472 68 245
f 457 355 489 1
f 489 306 1
f 484 479 347 187
f 478 2 495 376
f 495 2 131
f 483 454 101 211
f 461 463 188 402
f 467 481 427 291
f 452 476 210 24
f 497 473 295 94
f 466 494 61 232
f 472 471 189 68
f 493 469 438 208
f 455 492 106 319
f 465 497 94 209
f 464 482 48 282
f 477 467 291 358
f 456 493 208 354
f 496 480 441 187
f 487 453 150 408
f 475 490 432 207
f 486 461 402 238
f 468 470 245 41
f 457 454 316 355
f 495 492 326 376
f 458 483 211 49
f 460 468 41 190
f 453 477 358 150
f 485 462 251 357
f 491 489 355 316
f 496 466 232 40
f 474 478 376 326
f 484 455 319 18
f 469 491 316 438
f 462 487 408 251
f 482 465 209 48
f 459 464 282 87
f 476 459 87 210
f 473 458 49 295
f 479 486 238 347
f 471 452 24 189
f 480 474 326 441
f 490 488 303 432
f 481 475 207 427
f 463 485 357 188
f 488 456 354 303
